100034
100070
100077
100339
100340
100342
100343
100344
100345
100349
100388
100423
100478
100506
100507
100640
100642
100643
100646
100894
101170
101187
101330
101333
101337
101339
101340
101341
101342
101548
101550
101556
101558
101560
101619
101620
101634
101635
101636
101864
102041
102066
102248
102255
102625
103086
103141
103142
103143
103144
103145
103146
103284
103286
103289
103538
104301
104400
104401
104402
104403
104404
104431
104442
104445
104559
104582
104639
104640
104737
104738
104930
104968
104969
105103
105120
105171
105330
105336
105338
105413
105414
105637
105685
105686
105687
105688
105691
105692
105695
105696
105761
105762
105765
105859
105860
105862
105924
106039
106090
106146
106368
106558
106559
106681
106683
106705
106725
106777
106778
106779
106781
106782
106783
106784
106785
106786
106787
106788
107007
107041
107046
107066
107067
107068
107069
107070
107071
107148
107149
107295
107389
107390
107391
107392
107402
107586
107587
107910
108147
108293
108328
108329
108330
108337
108341
108517
108518
108521
108616
108618
108619
108620
108693
108771
108785
108858
108884
109014
109015
109136
109138
109344
109459
109572
109576
109729
109772
110028
110042
110044
110173
110201
110202
110203
110204
110205
110207
110211
110353
110357
110358
110444
110445
110699
110715
110782
110786
110793
110795
110796
110801
110803
110834
110837
110905
110906
110907
110908
110909
110910
110911
110950
111006
111008
111009
111013
111021
111046
111048
111240
111394
111400
111552
111599
112230
112539
112541
112544
112546
112916
112919
112920
112921
112922
112925
112926
112928
112940
112941
112996
112997
113000
113001
113125
113126
113127
113128
113134
113340
113341
113342
113343
113344
113418
113419
113420
113653
113855
113858
113861
113862
113863
113864
113865
113866
113867
113868
113869
113887
113889
113890
113891
113908
114020
115053
115601
116051
116064
116065
116066
116067
116069
116070
116073
116075
116076
116078
116292
116293
116294
116863
116872
116875
116878
116880
116890
116891
116893
116896
117150
117423
117428
117523
117525
117526
117647
117952
118032
118034
118035
118037
118287
118288
118290
118292
118293
118295
118297
118298
118299
118301
118302
118304
118306
118307
118309
118317
118675
118676
118677
118678
118679
118680
118681
118682
118683
118768
118882
118893
118895
118904
118905
118909
118914
118916
118920
118921
119238
119247
119829
119830
119918
120755
120756
120787
120788
120789
120790
120791
120792
121122
121394
121395
121397
121398
121399
121400
121868
121869
122308
122349
122351
122390
122551
122866
122868
122870
123043
123044
123045
123787
123958
124034
124035
124036
124038
124039
124040
124041
124043
124336
124358
124360
124362
124363
124367
124370
124372
124373
124374
124375
124532
124533
124534
124535
124707
125066
125067
125068
125069
125947
126195
126196
126282
126284
126660
126813
126820
127151
127243
127891
128057
128065
128076
128350
128482
128558
128559
128640
128915
129973
129988
129992
130014
130015
130017
130030
130031
130046
130960
130961
130962
130964
130967
130969
130972
130973
130975
130977
130978
130979
130980
130986
131090
131091
131453
131601
131602
131604
131605
131720
131723
131725
131727
131730
131969
132057
132060
132421
132425
132431
132434
132438
132441
132450
132536
133078
133079
133275
133276
133991
133992
133993
134543
134601
134618
134619
134621
134622
134630
134631
134633
135059
135062
135064
135065
135066
135071
135074
135077
135078
135214
135215
135216
135217
135218
135219
135220
135222
135363
135364
135365
135493
135671
135672
135674
135675
135676
135677
135806
135807
135808
135810
136023
136235
136236
136243
136404
136523
136634
136635
136636
136638
136639
136640
136935
137707
137976
137977
138557
138581
139764
139765
139767
139934
144106
144422
145328
145331
148292
148293
151360
151365
151370
151376
153943
153948
153951
153956
153959
153960
153961
153963
153964
153968
157174
158249
158250
159693
159694
159695
159696
161091
161092
161093
161094
161461
161717
161718
162282
162283
162331
162332
162333
162337
162338
162861
162862
162863
163758
163763
167109
168074
168075
168076
168077
168079
168928
175915
177007
177008
177009
178192
178193
178194
178195
178196
178199
178200
178201
178202
178226
186199
186200
186201
186202
186203
186204
186541
186544
186545
186546
186551
186552
186554
186559
187279
187280
187281
187282
187283
188402
188403
189404
190247
190248
190249
190253
191077
191078
191079
191968
192042
194884
195680
195696
195697
196121
196122
196123
196126
196127
196187
196188
196189
196190
196191
196192
196193
196194
196196
196208
196209
199820
200003
200004
200005
200006
200009
200010
200011
200074
200075
200076
200077
200078
200079
200080
200081
200082
200083
200212
200369
200683
200684
200685
200687
200688
200689
200690
200691
200692
200693
200694
200695
200696
200697
200961
200962
200963
200964
200965
200966
200967
200968
200969
200973
202265
203217
203280
203281
203289
203344
204951
204952
204953
204954
204955
204956
204957
204958
204959
204960
204962
205450
206494
206495
208367
212094
212098
212133
212134
212135
212136
212138
213384
213386
213387
213388
213389
213390
214246
214251
214255
214479
214482
215990
215991
215992
216762
216763
217015
217016
217031
218730
218731
220653
221686
222140
224026
224829
225937
225939
225940
225941
225945
225946
225947
225949
225950
225951
225952
225953
225954
225955
225956
225957
225958
225959
225960
225961
225962
225963
225965
225966
225967
225970
225971
225972
225973
225977
225978
226160
226633
226954
227387
227388
228070
229596
229598
229599
229600
229601
229602
229603
229604
229605
229606
230349
230909
232909
232912
232916
233186
233187
233188
233189
233190
233191
233192
233193
233194
233195
233196
233197
233198
233199
235725
235726
236142
237623
237624
237626
237630
237632
237633
237634
237635
237640
237643
238413
238414
238419
238420
238422
238618
238636
238637
238638
239183
240292
240293
240294
241235
242305
243015
247069
247402
247674
248185
248186
248188
248189
248190
248191
248192
248193
249518
249519
249520
249521
249522
249523
249524
250393
250394
250395
250396
250397
250398
250400
250402
250739
251163
251402
252614
252631
252632
252634
252635
252636
252640
254558
255172
255495
255497
255522
255657
255658
257594
258879
260537
263198
263199
263225
264707
265592
265728
265730
267657
267659
267661
267663
267666
267784
269117
269118
269119
269120
269121
269122
269123
269124
269125
269126
269127
269128
269129
269800
269801
270940
271301
271303
271304
271305
271864
271865
271866
271868
271869
271870
271871
271872
271873
271874
271875
271876
271877
274379
276932
276933
276935
276936
276938
278455
278456
278458
280278
280280
280281
280282
280283
280285
280654
285606
285607
285610
286158
286160
286161
286986
286987
287448
288349
288350
289646
289648
289649
289650
289651
289652
289653
289654
289655
289658
289659
289660
289661
289662
289663
289664
289665
289666
289667
289668
289669
289670
32770
34785
35269
36069
36082
36086
36090
36372
36373
37266
37272
37274
37275
37276
37278
37280
37282
37283
37284
37285
37287
37288
37289
37322
37323
37384
37506
37620
37622
37627
37743
37744
37745
37750
37841
37865
37866
37880
37881
37883
37886
37888
37928
37964
37967
37968
37972
37991
38261
38290
38291
38292
38293
38294
38295
38296
38297
38464
38636
38637
38638
38639
38640
38641
38643
38644
38741
39050
39108
39109
39158
39159
39164
39165
39166
39180
39182
39208
39245
39295
39344
39345
39353
39355
39358
39495
39496
39498
39499
39505
39572
39573
39579
39636
39637
39678
39729
39730
39768
39769
39893
39922
39923
39924
39927
39930
39950
40051
40052
40067
40117
40118
40119
40171
40172
40179
40311
40312
40356
40359
40360
40443
40447
40448
40449
40450
40550
40583
40584
40585
40601
40602
40614
40663
40666
40746
40836
40842
40843
40844
40845
40846
40847
40900
40915
40982
40984
40985
40986
40987
40988
40992
40993
40994
41098
41104
41105
41106
41107
41178
41360
41458
41466
41509
41521
41732
41929
41970
41984
41985
42025
42035
42036
42040
42042
42155
42156
42192
42194
42268
42370
42432
42468
42500
42501
42545
42575
42576
42606
42634
42638
42652
42721
42727
42823
42836
42839
42844
42936
42963
42974
42986
43096
43188
43189
43208
43296
43385
43386
43387
43388
43389
43390
43391
43392
43393
43394
43399
43437
43439
43551
43554
43555
43584
43650
43651
43655
43663
43664
43665
43689
43690
43748
43780
43849
43850
43851
43853
43858
43860
43959
43960
43988
44016
44025
44057
44058
44060
44062
44063
44100
44102
44110
44379
44380
44381
44382
44395
44397
44398
44399
44400
44498
44633
44710
44804
44899
44902
44903
44910
44950
44998
45009
45090
45169
45333
45370
45404
45408
45409
45410
45512
45513
45514
45515
45517
45550
45562
45611
45612
45613
45617
45620
45813
45814
46260
46261
46262
46265
46474
46519
46522
46527
46579
46665
46780
47076
47097
47098
47687
47732
47733
47748
47774
47775
47845
47851
47854
48031
48132
48223
48224
48270
48346
48367
48368
48415
48416
48417
48418
48419
48420
48421
48479
48495
48551
48552
48557
48558
49105
49160
49163
49166
49167
49208
49375
49376
49378
49379
49380
49382
49383
49423
49424
49529
49544
49545
49546
49547
49548
49549
49852
49860
50112
50114
50283
50430
50450
50649
50650
50704
50725
50739
50741
50879
50881
51009
51010
51011
51012
51013
51014
51015
51016
51139
51490
51491
51492
51494
51508
51510
51511
51637
51638
51639
51640
51641
51642
51643
51647
51648
51649
51654
51700
51797
51806
51807
51808
51809
51884
52070
52071
52072
52073
52135
52136
52137
52138
52139
52140
52141
52147
52857
52858
52860
52862
53048
53404
53405
53406
53427
53429
53430
53431
53432
53433
53434
53435
53438
53439
53520
53581
53748
53749
53750
53754
53757
53835
53836
53858
53882
53884
53885
53886
54161
54162
54212
54215
54470
54471
54725
54759
54820
55039
55040
55092
55093
55094
55095
55177
55262
55277
55352
55354
55440
55448
55506
55559
55577
55580
55583
55660
55914
55922
55963
56029
56094
56096
56099
56109
56265
56497
56498
56524
56592
56630
56954
56955
56956
57140
57330
57331
57355
57357
57419
57420
57421
57422
57467
57500
57587
57656
57657
57658
57659
57713
57714
57809
57810
57811
57908
57937
57942
57993
58007
58008
58011
58012
58020
58021
58069
58070
58072
58238
58261
58393
58439
58564
58874
58877
58878
58879
58933
58938
59079
59125
59126
59197
59226
59228
59229
59230
59301
59333
59440
59492
59494
59497
59546
59559
59560
59703
59704
59705
59706
59707
59709
59710
59747
59752
59767
59770
59936
59942
60094
60099
60100
60101
60246
60262
60265
60270
60273
60275
60276
60277
60514
60515
60516
60517
60550
60554
60568
60584
60716
60861
60862
60863
60866
60880
60927
61083
61136
61192
61418
61431
61583
61585
61792
62286
62287
62288
62415
62570
62571
62592
62593
62860
62880
62991
62992
63234
63244
63245
63769
63785
63871
64577
64578
64579
64821
64957
64992
65002
65003
65004
65143
65149
65150
65281
65282
65400
65414
65443
65444
65504
65561
65564
65582
65584
65586
65587
65588
65603
65604
65607
65608
65609
65610
65612
65614
65615
65616
65617
65618
65619
65641
65642
65643
65644
65754
65755
65756
65757
65758
65779
65942
66108
66478
66479
66480
66481
66482
66484
66485
66486
66566
66783
67223
67408
67497
67516
67523
67524
67550
67551
67792
67817
67821
67856
67857
67919
67923
67924
67926
67929
68199
68203
68215
68255
68334
68335
68370
68371
68372
68380
68382
68416
68509
68511
68645
68646
68647
68648
68649
68651
68653
68658
68659
68661
68812
68813
68935
69056
69057
69058
69079
69085
69088
69089
69090
69091
69092
69128
69264
69265
69267
69325
69399
69402
69403
69404
69405
69406
69537
69685
69689
69693
69694
69696
69702
69729
69730
69880
69883
69896
69899
69902
69910
69915
69917
69928
69930
69931
69940
69951
69965
69983
69984
69985
69986
70043
70044
70045
70060
70369
70370
70371
70373
70376
70377
70379
70380
70381
70561
70829
70830
70831
70832
70833
70834
70835
70836
70837
70838
70839
70840
70921
70922
70923
71041
71046
71260
71261
71264
71265
71266
71277
71307
71328
71331
71382
71383
71462
71709
71711
71712
71722
71760
71762
71763
71764
71919
71920
71990
71995
71999
72093
72100
72101
72107
72189
72190
72191
72203
72214
72225
72227
72581
72582
72603
72607
72613
72658
72665
72666
72668
72669
72760
72881
72960
73082
73085
73086
73088
73089
73090
73152
73153
73154
73155
73156
73157
73158
73160
73161
73162
73163
73164
73265
73409
73412
73413
73414
73416
73428
73430
73464
73474
73486
73736
73737
73739
73866
73868
73986
74126
74151
74154
74157
74439
74447
74449
74455
74457
74458
74461
74492
74494
74497
74642
74690
74730
74890
74932
74933
74934
74944
75090
75098
75101
75106
75113
75114
75115
75116
75117
75118
75119
75121
75133
75142
75232
75269
75359
75361
75622
75623
75652
75653
75984
75989
76051
76052
76053
76054
76055
76056
76057
76143
76192
76199
76200
76202
76205
76206
76207
76291
76538
76573
76579
76679
76680
76682
76683
76684
76710
76712
76714
76723
76724
76755
76756
76778
76901
76903
76907
76947
77011
77013
77014
77015
77016
77017
77019
77020
77185
77335
77336
77340
77463
77472
77474
77844
77912
77916
77917
77918
77919
77920
77921
77922
77926
77927
77928
77929
77930
77931
77938
77939
77940
77941
77944
77945
77947
77948
77949
77951
78211
78251
78253
78295
78298
78319
78322
78323
78324
78325
78327
78328
78329
78351
78481
78733
78736
78738
78894
78895
78896
78944
78954
78976
79073
79177
79183
79184
79185
79189
79191
79193
79194
79195
79197
79200
79202
79241
79279
79729
79741
79810
79851
79861
79936
79938
79939
79940
79954
79955
79956
79961
80086
80353
80354
80356
80357
80361
80363
80364
80365
80366
80370
80414
80557
80603
80604
80657
80746
80748
80750
80752
80755
80760
80769
80937
80938
80939
80940
80941
80945
81090
81148
81152
81181
81221
81223
81259
81260
81261
81263
81264
81265
81290
81291
81307
81308
81309
81366
81636
81637
81919
81936
82058
82059
82170
82257
82377
82378
82379
82380
82407
82471
82526
82667
82668
83002
83005
83006
83167
83416
83491
83716
83720
83835
84022
84023
84030
84032
84042
84319
84320
84321
84615
84618
84639
84640
84641
84642
84736
84757
84758
84781
84914
84916
84917
84918
84930
84931
84942
84943
84975
84977
84987
85112
85430
85440
85493
85550
85580
85659
85774
85826
86164
86235
86236
86238
86239
86240
86241
86242
86593
87355
87391
87392
87393
87395
87398
87429
87430
87431
87432
87599
87602
87659
87660
87687
87688
87689
87690
87721
87825
88053
88579
88580
88581
88614
88615
88616
88626
88628
88855
88991
89266
89415
89416
89417
89418
89420
89421
89422
89448
89449
89451
89517
89518
89519
89527
89528
89535
89538
89540
89541
89542
89634
89855
89895
89911
89912
89913
89914
90088
90207
90223
90224
90226
90273
90275
90277
90279
90280
90281
90282
90283
90286
90287
90358
90359
90430
90431
90432
90433
90434
90435
90437
90442
90687
90688
91142
91145
91146
91206
91223
91224
91408
91452
91453
91454
91455
91606
91607
91610
91611
91655
91656
91657
91658
91904
91915
91917
91918
92116
92118
92119
92152
92155
92420
92421
92422
92668
92832
92836
92837
92944
92952
92964
93067
93070
93071
93072
93073
93107
93108
93109
93370
93540
93543
93545
93547
93549
93551
93553
93554
93556
94016
94018
94019
94058
94139
94143
94144
94146
94147
94148
94149
94150
94152
94153
94155
94156
94157
94158
94490
94492
94662
94664
94665
94668
94674
94675
94676
94677
94731
94733
94734
94990
95002
95037
95180
95185
95486
95487
95488
95489
95494
95496
95497
95498
95500
95502
95503
95663
95776
95779
95794
95795
95796
95797
95798
95799
95800
95801
95807
95808
95809
95810
95811
95812
95813
96046
96065
96067
96069
96074
96076
96077
96130
96132
96456
96457
96583
96653
96654
96656
96657
96658
96660
96661
96662
96752
96755
96770
96771
96777
96778
96779
96781
96963
96966
96967
97156
97161
97165
97166
97168
97170
97172
97174
97175
97177
97179
97473
97474
97489
97490
97494
97503
97507
97511
97512
97590
97593
97596
97657
97658
97659
97660
97661
97674
97686
97729
97730
97733
97734
97859
97939
97940
97941
97942
98006
98009
98012
98017
98019
98021
98163
98330
98350
98351
98412
98413
98478
98479
98480
98535
98567
98625
98651
98659
98660
98663
98763
98765
98767
98938
98939
98940
98976
99265
99267
99269
99270
99272
99275
99276
99467
99468
99469
99812
99813
99836
99898
99900
99904
99905
99906
99933
99992
